26 27 48
26 51 48
26 52 67
27 26 48
27 28 48
27 51 67
27 52 48
27 53 67
28 27 48
28 29 48
28 52 67
28 53 48
28 54 67
29 28 48
29 53 67
29 54 48
31 32 48
31 56 48
31 57 67
32 31 48
32 33 48
32 56 67
32 57 48
32 58 67
33 32 48
33 34 48
33 57 67
33 58 48
33 59 67
34 33 48
34 35 48
34 58 67
34 59 48
34 60 67
35 34 48
35 36 48
35 59 67
35 60 48
35 61 67
36 35 48
36 37 48
36 60 67
36 61 48
36 62 67
37 36 48
37 38 48
37 61 67
37 62 48
37 63 67
38 37 48
38 62 67
38 63 48
40 41 48
40 65 48
40 66 67
41 40 48
41 42 48
41 65 67
41 66 48
41 67 67
42 41 48
42 43 48
42 66 67
42 67 48
42 68 67
43 42 48
43 44 48
43 67 67
43 68 48
43 69 67
44 43 48
44 45 48
44 68 67
44 69 48
44 70 67
45 44 48
45 46 48
45 69 67
45 70 48
45 71 67
46 45 48
46 47 48
46 70 67
46 71 48
46 72 67
47 46 48
47 48 48
47 71 67
47 72 48
47 73 67
48 47 48
48 72 67
48 73 48
51 26 48
51 27 67
51 52 48
51 76 48
51 77 67
52 26 67
52 27 48
52 28 67
52 51 48
52 53 48
52 76 67
52 77 48
52 78 67
53 27 67
53 28 48
53 29 67
53 52 48
53 54 48
53 77 67
53 78 48
53 79 67
54 28 67
54 29 48
54 53 48
54 78 67
54 79 48
56 31 48
56 32 67
56 57 48
56 81 48
56 82 67
57 31 67
57 32 48
57 33 67
57 56 48
57 58 48
57 81 67
57 82 48
57 83 67
58 32 67
58 33 48
58 34 67
58 57 48
58 59 48
58 82 67
58 83 48
58 84 67
59 33 67
59 34 48
59 35 67
59 58 48
59 60 48
59 83 67
59 84 48
59 85 67
60 34 67
60 35 48
60 36 67
60 59 48
60 61 48
60 84 67
60 85 48
61 35 67
61 36 48
61 37 67
61 60 48
61 62 48
61 85 67
61 87 67
62 36 67
62 37 48
62 38 67
62 61 48
62 63 48
62 87 48
62 88 67
63 37 67
63 38 48
63 62 48
63 87 67
63 88 48
65 40 48
65 41 67
65 66 48
65 90 48
65 91 67
66 40 67
66 41 48
66 42 67
66 65 48
66 67 48
66 90 67
66 91 48
67 41 67
67 42 48
67 43 67
67 66 48
67 68 48
67 91 67
67 93 67
68 42 67
68 43 48
68 44 67
68 67 48
68 69 48
68 93 48
68 94 67
69 43 67
69 44 48
69 45 67
69 68 48
69 70 48
69 93 67
69 94 48
69 95 67
70 44 67
70 45 48
70 46 67
70 69 48
70 71 48
70 94 67
70 95 48
70 96 67
71 45 67
71 46 48
71 47 67
71 70 48
71 72 48
71 95 67
71 96 48
71 97 67
72 46 67
72 47 48
72 48 67
72 71 48
72 73 48
72 96 67
72 97 48
72 98 67
73 47 67
73 48 48
73 72 48
73 97 67
73 98 48
76 51 48
76 52 67
76 77 48
76 101 48
77 51 67
77 52 48
77 53 67
77 76 48
77 78 48
77 101 67
78 52 67
78 53 48
78 54 67
78 77 48
78 79 48
78 104 67
79 53 67
79 54 48
79 78 48
79 104 48
81 56 48
81 57 67
81 82 48
81 107 67
82 56 67
82 57 48
82 58 67
82 81 48
82 83 48
82 107 48
82 108 67
83 57 67
83 58 48
83 59 67
83 82 48
83 84 48
83 107 67
83 108 48
84 58 67
84 59 48
84 60 67
84 83 48
84 85 48
84 108 67
85 59 67
85 60 48
85 61 67
85 84 48
87 61 67
87 62 48
87 63 67
87 88 48
87 112 48
87 113 67
88 62 67
88 63 48
88 87 48
88 112 67
88 113 48
90 65 48
90 66 67
90 91 48
90 115 48
90 116 67
91 65 67
91 66 48
91 67 67
91 90 48
91 115 67
91 116 48
93 67 67
93 68 48
93 69 67
93 94 48
94 68 67
94 69 48
94 70 67
94 93 48
94 95 48
95 69 67
95 70 48
95 71 67
95 94 48
95 96 48
95 121 67
96 70 67
96 71 48
96 72 67
96 95 48
96 97 48
96 121 48
97 71 67
97 72 48
97 73 67
97 96 48
97 98 48
97 121 67
98 72 67
98 73 48
98 97 48
101 76 48
101 77 67
101 126 48
101 127 67
104 78 67
104 79 48
104 129 48
104 130 67
107 81 67
107 82 48
107 83 67
107 108 48
107 131 67
107 132 48
107 133 67
108 82 67
108 83 48
108 84 67
108 107 48
108 132 67
108 133 48
108 134 67
112 87 48
112 88 67
112 113 48
112 137 48
112 138 67
113 87 67
113 88 48
113 112 48
113 137 67
113 138 48
115 90 48
115 91 67
115 116 48
115 140 48
115 141 67
116 90 67
116 91 48
116 115 48
116 140 67
116 141 48
121 95 67
121 96 48
121 97 67
121 145 67
121 146 48
121 147 67
126 101 48
126 127 48
126 151 48
126 152 67
127 101 67
127 126 48
127 151 67
127 152 48
129 104 48
129 130 48
129 154 48
129 155 67
130 104 67
130 129 48
130 131 48
130 154 67
130 155 48
130 156 67
131 107 67
131 130 48
131 132 48
131 155 67
131 156 48
131 157 67
132 107 48
132 108 67
132 131 48
132 133 48
132 156 67
132 157 48
132 158 67
133 107 67
133 108 48
133 132 48
133 134 48
133 157 67
133 158 48
133 159 67
134 108 67
134 133 48
134 135 48
134 158 67
134 159 48
134 160 67
135 134 48
135 159 67
135 160 48
135 161 67
137 112 48
137 113 67
137 138 48
137 161 67
137 162 48
137 163 67
138 112 67
138 113 48
138 137 48
138 162 67
138 163 48
138 164 67
140 115 48
140 116 67
140 141 48
140 164 67
140 165 48
140 166 67
141 115 67
141 116 48
141 140 48
141 165 67
141 166 48
141 167 67
143 144 48
143 167 67
143 168 48
143 169 67
144 143 48
144 145 48
144 168 67
144 169 48
144 170 67
145 121 67
145 144 48
145 146 48
145 169 67
145 170 48
145 171 67
146 121 48
146 145 48
146 147 48
146 170 67
146 171 48
146 172 67
147 121 67
147 146 48
147 148 48
147 171 67
147 172 48
147 173 67
148 147 48
148 172 67
148 173 48
151 126 48
151 127 67
151 152 48
152 126 67
152 127 48
152 151 48
154 129 48
154 130 67
154 155 48
154 179 48
154 180 67
155 129 67
155 130 48
155 131 67
155 154 48
155 156 48
155 179 67
155 180 48
155 181 67
156 130 67
156 131 48
156 132 67
156 155 48
156 157 48
156 180 67
156 181 48
156 182 67
157 131 67
157 132 48
157 133 67
157 156 48
157 158 48
157 181 67
157 182 48
157 183 67
158 132 67
158 133 48
158 134 67
158 157 48
158 159 48
158 182 67
158 183 48
158 184 67
159 133 67
159 134 48
159 135 67
159 158 48
159 160 48
159 183 67
159 184 48
159 185 67
160 134 67
160 135 48
160 159 48
160 161 48
160 184 67
160 185 48
160 186 67
161 135 67
161 137 67
161 160 48
161 162 48
161 185 67
161 186 48
161 187 67
162 137 48
162 138 67
162 161 48
162 163 48
162 186 67
162 187 48
162 188 67
163 137 67
163 138 48
163 162 48
163 164 48
163 187 67
163 188 48
163 189 67
164 138 67
164 140 67
164 163 48
164 165 48
164 188 67
164 189 48
164 190 67
165 140 48
165 141 67
165 164 48
165 166 48
165 189 67
165 190 48
165 191 67
166 140 67
166 141 48
166 165 48
166 167 48
166 190 67
166 191 48
166 192 67
167 141 67
167 143 67
167 166 48
167 168 48
167 191 67
167 192 48
167 193 67
168 143 48
168 144 67
168 167 48
168 169 48
168 192 67
168 193 48
168 194 67
169 143 67
169 144 48
169 145 67
169 168 48
169 170 48
169 193 67
169 194 48
169 195 67
170 144 67
170 145 48
170 146 67
170 169 48
170 171 48
170 194 67
170 195 48
170 196 67
171 145 67
171 146 48
171 147 67
171 170 48
171 172 48
171 195 67
171 196 48
171 197 67
172 146 67
172 147 48
172 148 67
172 171 48
172 173 48
172 196 67
172 197 48
172 198 67
173 147 67
173 148 48
173 172 48
173 197 67
173 198 48
179 154 48
179 155 67
179 180 48
179 203 67
179 204 48
179 205 67
180 154 67
180 155 48
180 156 67
180 179 48
180 181 48
180 204 67
180 205 48
180 206 67
181 155 67
181 156 48
181 157 67
181 180 48
181 182 48
181 205 67
181 206 48
181 207 67
182 156 67
182 157 48
182 158 67
182 181 48
182 183 48
182 206 67
182 207 48
182 208 67
183 157 67
183 158 48
183 159 67
183 182 48
183 184 48
183 207 67
183 208 48
183 209 67
184 158 67
184 159 48
184 160 67
184 183 48
184 185 48
184 208 67
184 209 48
184 210 67
185 159 67
185 160 48
185 161 67
185 184 48
185 186 48
185 209 67
185 210 48
186 160 67
186 161 48
186 162 67
186 185 48
186 187 48
186 210 67
186 212 67
187 161 67
187 162 48
187 163 67
187 186 48
187 188 48
187 212 48
187 213 67
188 162 67
188 163 48
188 164 67
188 187 48
188 189 48
188 212 67
188 213 48
188 214 67
189 163 67
189 164 48
189 165 67
189 188 48
189 190 48
189 213 67
189 214 48
189 215 67
190 164 67
190 165 48
190 166 67
190 189 48
190 191 48
190 214 67
190 215 48
190 216 67
191 165 67
191 166 48
191 167 67
191 190 48
191 192 48
191 215 67
191 216 48
191 217 67
192 166 67
192 167 48
192 168 67
192 191 48
192 193 48
192 216 67
192 217 48
192 218 67
193 167 67
193 168 48
193 169 67
193 192 48
193 194 48
193 217 67
193 218 48
193 219 67
194 168 67
194 169 48
194 170 67
194 193 48
194 195 48
194 218 67
194 219 48
195 169 67
195 170 48
195 171 67
195 194 48
195 196 48
195 219 67
195 221 67
196 170 67
196 171 48
196 172 67
196 195 48
196 197 48
196 221 48
196 222 67
197 171 67
197 172 48
197 173 67
197 196 48
197 198 48
197 221 67
197 222 48
197 223 67
198 172 67
198 173 48
198 197 48
198 222 67
198 223 48
201 202 48
201 226 48
201 227 67
202 201 48
202 203 48
202 226 67
202 227 48
202 228 67
203 179 67
203 202 48
203 204 48
203 227 67
203 228 48
203 229 67
204 179 48
204 180 67
204 203 48
204 205 48
204 228 67
204 229 48
204 230 67
205 179 67
205 180 48
205 181 67
205 204 48
205 206 48
205 229 67
205 230 48
205 231 67
206 180 67
206 181 48
206 182 67
206 205 48
206 207 48
206 230 67
206 231 48
206 232 67
207 181 67
207 182 48
207 183 67
207 206 48
207 208 48
207 231 67
207 232 48
207 233 67
208 182 67
208 183 48
208 184 67
208 207 48
208 209 48
208 232 67
208 233 48
208 234 67
209 183 67
209 184 48
209 185 67
209 208 48
209 210 48
209 233 67
209 234 48
209 235 67
210 184 67
210 185 48
210 186 67
210 209 48
210 234 67
210 235 48
212 186 67
212 187 48
212 188 67
212 213 48
212 237 48
212 238 67
213 187 67
213 188 48
213 189 67
213 212 48
213 214 48
213 237 67
213 238 48
213 239 67
214 188 67
214 189 48
214 190 67
214 213 48
214 215 48
214 238 67
214 239 48
214 240 67
215 189 67
215 190 48
215 191 67
215 214 48
215 216 48
215 239 67
215 240 48
215 241 67
216 190 67
216 191 48
216 192 67
216 215 48
216 217 48
216 240 67
216 241 48
216 242 67
217 191 67
217 192 48
217 193 67
217 216 48
217 218 48
217 241 67
217 242 48
217 243 67
218 192 67
218 193 48
218 194 67
218 217 48
218 219 48
218 242 67
218 243 48
218 244 67
219 193 67
219 194 48
219 195 67
219 218 48
219 243 67
219 244 48
221 195 67
221 196 48
221 197 67
221 222 48
221 246 48
221 247 67
222 196 67
222 197 48
222 198 67
222 221 48
222 223 48
222 246 67
222 247 48
222 248 67
223 197 67
223 198 48
223 222 48
223 247 67
223 248 48
226 201 48
226 202 67
226 227 48
227 201 67
227 202 48
227 203 67
227 226 48
227 228 48
227 253 67
228 202 67
228 203 48
228 204 67
228 227 48
228 229 48
228 253 48
229 203 67
229 204 48
229 205 67
229 228 48
229 230 48
229 253 67
230 204 67
230 205 48
230 206 67
230 229 48
230 231 48
231 205 67
231 206 48
231 207 67
231 230 48
231 232 48
231 257 67
232 206 67
232 207 48
232 208 67
232 231 48
232 233 48
232 257 48
232 258 67
233 207 67
233 208 48
233 209 67
233 232 48
233 234 48
233 257 67
233 258 48
234 208 67
234 209 48
234 210 67
234 233 48
234 235 48
234 258 67
235 209 67
235 210 48
235 234 48
237 212 48
237 213 67
237 238 48
237 262 48
238 212 67
238 213 48
238 214 67
238 237 48
238 239 48
238 262 67
239 213 67
239 214 48
239 215 67
239 238 48
239 240 48
240 214 67
240 215 48
240 216 67
240 239 48
240 241 48
240 266 67
241 215 67
241 216 48
241 217 67
241 240 48
241 242 48
241 266 48
241 267 67
242 216 67
242 217 48
242 218 67
242 241 48
242 243 48
242 266 67
242 267 48
243 217 67
243 218 48
243 219 67
243 242 48
243 244 48
243 267 67
244 218 67
244 219 48
244 243 48
246 221 48
246 222 67
246 247 48
246 271 48
247 221 67
247 222 48
247 223 67
247 246 48
247 248 48
247 271 67
248 222 67
248 223 48
248 247 48
253 227 67
253 228 48
253 229 67
253 277 67
253 278 48
257 231 67
257 232 48
257 233 67
257 258 48
257 281 67
257 282 48
257 283 67
258 232 67
258 233 48
258 234 67
258 257 48
258 282 67
258 283 48
258 284 67
262 237 48
262 238 67
262 286 67
262 287 48
266 240 67
266 241 48
266 242 67
266 267 48
266 290 67
266 291 48
266 292 67
267 241 67
267 242 48
267 243 67
267 266 48
267 291 67
267 292 48
267 293 67
271 246 48
271 247 67
271 295 67
271 296 48
276 277 48
276 301 48
276 302 67
277 253 67
277 276 48
277 278 48
277 301 67
277 302 48
277 303 67
278 253 48
278 277 48
278 302 67
278 303 48
280 281 48
280 305 48
280 306 67
281 257 67
281 280 48
281 282 48
281 305 67
281 306 48
281 307 67
282 257 48
282 258 67
282 281 48
282 283 48
282 306 67
282 307 48
282 308 67
283 257 67
283 258 48
283 282 48
283 284 48
283 307 67
283 308 48
283 309 67
284 258 67
284 283 48
284 285 48
284 308 67
284 309 48
284 310 67
285 284 48
285 286 48
285 309 67
285 310 48
285 311 67
286 262 67
286 285 48
286 287 48
286 310 67
286 311 48
286 312 67
287 262 48
287 286 48
287 311 67
287 312 48
289 290 48
289 314 48
289 315 67
290 266 67
290 289 48
290 291 48
290 314 67
290 315 48
290 316 67
291 266 48
291 267 67
291 290 48
291 292 48
291 315 67
291 316 48
291 317 67
292 266 67
292 267 48
292 291 48
292 293 48
292 316 67
292 317 48
293 267 67
293 292 48
293 294 48
293 317 67
293 319 67
294 293 48
294 295 48
294 319 48
294 320 67
295 271 67
295 294 48
295 296 48
295 319 67
295 320 48
295 321 67
296 271 48
296 295 48
296 320 67
296 321 48
298 323 48
301 276 48
301 277 67
301 302 48
301 326 48
301 327 67
302 276 67
302 277 48
302 278 67
302 301 48
302 303 48
302 326 67
302 327 48
302 328 67
303 277 67
303 278 48
303 302 48
303 327 67
303 328 48
305 280 48
305 281 67
305 306 48
305 330 48
305 331 67
306 280 67
306 281 48
306 282 67
306 305 48
306 307 48
306 330 67
306 331 48
306 332 67
307 281 67
307 282 48
307 283 67
307 306 48
307 308 48
307 331 67
307 332 48
307 333 67
308 282 67
308 283 48
308 284 67
308 307 48
308 309 48
308 332 67
308 333 48
308 334 67
309 283 67
309 284 48
309 285 67
309 308 48
309 310 48
309 333 67
309 334 48
309 335 67
310 284 67
310 285 48
310 286 67
310 309 48
310 311 48
310 334 67
310 335 48
310 336 67
311 285 67
311 286 48
311 287 67
311 310 48
311 312 48
311 335 67
311 336 48
311 337 67
312 286 67
312 287 48
312 311 48
312 336 67
312 337 48
314 289 48
314 290 67
314 315 48
314 339 48
314 340 67
315 289 67
315 290 48
315 291 67
315 314 48
315 316 48
315 339 67
315 340 48
315 341 67
316 290 67
316 291 48
316 292 67
316 315 48
316 317 48
316 340 67
316 341 48
316 342 67
317 291 67
317 292 48
317 293 67
317 316 48
317 341 67
317 342 48
319 293 67
319 294 48
319 295 67
319 320 48
319 344 48
319 345 67
320 294 67
320 295 48
320 296 67
320 319 48
320 321 48
320 344 67
320 345 48
320 346 67
321 295 67
321 296 48
321 320 48
321 345 67
321 346 48
321 347 67
323 298 48
323 347 67
323 348 48
326 301 48
326 302 67
326 327 48
326 351 48
326 352 67
327 301 67
327 302 48
327 303 67
327 326 48
327 328 48
327 351 67
327 352 48
327 353 67
328 302 67
328 303 48
328 327 48
328 352 67
328 353 48
328 354 67
330 305 48
330 306 67
330 331 48
330 354 67
330 355 48
330 356 67
331 305 67
331 306 48
331 307 67
331 330 48
331 332 48
331 355 67
331 356 48
331 357 67
332 306 67
332 307 48
332 308 67
332 331 48
332 333 48
332 356 67
332 357 48
332 358 67
333 307 67
333 308 48
333 309 67
333 332 48
333 334 48
333 357 67
333 358 48
333 359 67
334 308 67
334 309 48
334 310 67
334 333 48
334 335 48
334 358 67
334 359 48
334 360 67
335 309 67
335 310 48
335 311 67
335 334 48
335 336 48
335 359 67
335 360 48
335 361 67
336 310 67
336 311 48
336 312 67
336 335 48
336 337 48
336 360 67
336 361 48
336 362 67
337 311 67
337 312 48
337 336 48
337 361 67
337 362 48
337 363 67
339 314 48
339 315 67
339 340 48
339 363 67
339 364 48
339 365 67
340 314 67
340 315 48
340 316 67
340 339 48
340 341 48
340 364 67
340 365 48
340 366 67
341 315 67
341 316 48
341 317 67
341 340 48
341 342 48
341 365 67
341 366 48
341 367 67
342 316 67
342 317 48
342 341 48
342 366 67
342 367 48
344 319 48
344 320 67
344 345 48
344 369 48
344 370 67
345 319 67
345 320 48
345 321 67
345 344 48
345 346 48
345 369 67
345 370 48
345 371 67
346 320 67
346 321 48
346 345 48
346 347 48
346 370 67
346 371 48
346 372 67
347 321 67
347 323 67
347 346 48
347 348 48
347 371 67
347 372 48
347 373 67
348 323 48
348 347 48
348 372 67
348 373 48
351 326 48
351 327 67
351 352 48
351 376 48
351 377 67
352 326 67
352 327 48
352 328 67
352 351 48
352 353 48
352 376 67
352 377 48
352 378 67
353 327 67
353 328 48
353 352 48
353 354 48
353 377 67
353 378 48
353 379 67
354 328 67
354 330 67
354 353 48
354 355 48
354 378 67
354 379 48
354 380 67
355 330 48
355 331 67
355 354 48
355 356 48
355 379 67
355 380 48
355 381 67
356 330 67
356 331 48
356 332 67
356 355 48
356 357 48
356 380 67
356 381 48
356 382 67
357 331 67
357 332 48
357 333 67
357 356 48
357 358 48
357 381 67
357 382 48
357 383 67
358 332 67
358 333 48
358 334 67
358 357 48
358 359 48
358 382 67
358 383 48
358 384 67
359 333 67
359 334 48
359 335 67
359 358 48
359 360 48
359 383 67
359 384 48
359 385 67
360 334 67
360 335 48
360 336 67
360 359 48
360 361 48
360 384 67
360 385 48
360 386 67
361 335 67
361 336 48
361 337 67
361 360 48
361 362 48
361 385 67
361 386 48
361 387 67
362 336 67
362 337 48
362 361 48
362 363 48
362 386 67
362 387 48
362 388 67
363 337 67
363 339 67
363 362 48
363 364 48
363 387 67
363 388 48
363 389 67
364 339 48
364 340 67
364 363 48
364 365 48
364 388 67
364 389 48
364 390 67
365 339 67
365 340 48
365 341 67
365 364 48
365 366 48
365 389 67
365 390 48
365 391 67
366 340 67
366 341 48
366 342 67
366 365 48
366 367 48
366 390 67
366 391 48
366 392 67
367 341 67
367 342 48
367 366 48
367 391 67
367 392 48
369 344 48
369 345 67
369 370 48
369 394 48
369 395 67
370 344 67
370 345 48
370 346 67
370 369 48
370 371 48
370 394 67
370 395 48
370 396 67
371 345 67
371 346 48
371 347 67
371 370 48
371 372 48
371 395 67
371 396 48
371 397 67
372 346 67
372 347 48
372 348 67
372 371 48
372 373 48
372 396 67
372 397 48
372 398 67
373 347 67
373 348 48
373 372 48
373 397 67
373 398 48
376 351 48
376 352 67
376 377 48
376 401 48
376 402 67
377 351 67
377 352 48
377 353 67
377 376 48
377 378 48
377 401 67
377 402 48
377 403 67
378 352 67
378 353 48
378 354 67
378 377 48
378 379 48
378 402 67
378 403 48
379 353 67
379 354 48
379 355 67
379 378 48
379 380 48
379 403 67
379 405 67
380 354 67
380 355 48
380 356 67
380 379 48
380 381 48
380 405 48
380 406 67
381 355 67
381 356 48
381 357 67
381 380 48
381 382 48
381 405 67
381 406 48
381 407 67
382 356 67
382 357 48
382 358 67
382 381 48
382 383 48
382 406 67
382 407 48
382 408 67
383 357 67
383 358 48
383 359 67
383 382 48
383 384 48
383 407 67
383 408 48
383 409 67
384 358 67
384 359 48
384 360 67
384 383 48
384 385 48
384 408 67
384 409 48
384 410 67
385 359 67
385 360 48
385 361 67
385 384 48
385 386 48
385 409 67
385 410 48
385 411 67
386 360 67
386 361 48
386 362 67
386 385 48
386 387 48
386 410 67
386 411 48
386 412 67
387 361 67
387 362 48
387 363 67
387 386 48
387 388 48
387 411 67
387 412 48
388 362 67
388 363 48
388 364 67
388 387 48
388 389 48
388 412 67
388 414 67
389 363 67
389 364 48
389 365 67
389 388 48
389 390 48
389 414 48
389 415 67
390 364 67
390 365 48
390 366 67
390 389 48
390 391 48
390 414 67
390 415 48
390 416 67
391 365 67
391 366 48
391 367 67
391 390 48
391 392 48
391 415 67
391 416 48
391 417 67
392 366 67
392 367 48
392 391 48
392 416 67
392 417 48
394 369 48
394 370 67
394 395 48
394 419 48
394 420 67
395 369 67
395 370 48
395 371 67
395 394 48
395 396 48
395 419 67
395 420 48
395 421 67
396 370 67
396 371 48
396 372 67
396 395 48
396 397 48
396 420 67
396 421 48
397 371 67
397 372 48
397 373 67
397 396 48
397 398 48
397 421 67
397 423 67
398 372 67
398 373 48
398 397 48
398 423 48
401 376 48
401 377 67
401 402 48
401 426 48
401 427 67
402 376 67
402 377 48
402 378 67
402 401 48
402 403 48
402 426 67
402 427 48
402 428 67
403 377 67
403 378 48
403 379 67
403 402 48
403 427 67
403 428 48
405 379 67
405 380 48
405 381 67
405 406 48
405 430 48
405 431 67
406 380 67
406 381 48
406 382 67
406 405 48
406 407 48
406 430 67
406 431 48
406 432 67
407 381 67
407 382 48
407 383 67
407 406 48
407 408 48
407 431 67
407 432 48
407 433 67
408 382 67
408 383 48
408 384 67
408 407 48
408 409 48
408 432 67
408 433 48
408 434 67
409 383 67
409 384 48
409 385 67
409 408 48
409 410 48
409 433 67
409 434 48
409 435 67
410 384 67
410 385 48
410 386 67
410 409 48
410 411 48
410 434 67
410 435 48
410 436 67
411 385 67
411 386 48
411 387 67
411 410 48
411 412 48
411 435 67
411 436 48
411 437 67
412 386 67
412 387 48
412 388 67
412 411 48
412 436 67
412 437 48
414 388 67
414 389 48
414 390 67
414 415 48
414 439 48
414 440 67
415 389 67
415 390 48
415 391 67
415 414 48
415 416 48
415 439 67
415 440 48
415 441 67
416 390 67
416 391 48
416 392 67
416 415 48
416 417 48
416 440 67
416 441 48
416 442 67
417 391 67
417 392 48
417 416 48
417 441 67
417 442 48
417 443 67
419 394 48
419 395 67
419 420 48
419 443 67
419 444 48
419 445 67
420 394 67
420 395 48
420 396 67
420 419 48
420 421 48
420 444 67
420 445 48
420 446 67
421 395 67
421 396 48
421 397 67
421 420 48
421 445 67
421 446 48
423 397 67
423 398 48
423 448 48
426 401 48
426 402 67
426 427 48
427 401 67
427 402 48
427 403 67
427 426 48
427 428 48
427 453 67
428 402 67
428 403 48
428 427 48
428 453 48
430 405 48
430 406 67
430 431 48
431 405 67
431 406 48
431 407 67
431 430 48
431 432 48
431 457 67
432 406 67
432 407 48
432 408 67
432 431 48
432 433 48
432 457 48
432 458 67
433 407 67
433 408 48
433 409 67
433 432 48
433 434 48
433 457 67
433 458 48
434 408 67
434 409 48
434 410 67
434 433 48
434 435 48
434 458 67
435 409 67
435 410 48
435 411 67
435 434 48
435 436 48
435 461 67
436 410 67
436 411 48
436 412 67
436 435 48
436 437 48
436 461 48
436 462 67
437 411 67
437 412 48
437 436 48
437 461 67
437 462 48
439 414 48
439 415 67
439 440 48
440 414 67
440 415 48
440 416 67
440 439 48
440 441 48
440 466 67
441 415 67
441 416 48
441 417 67
441 440 48
441 442 48
441 466 48
441 467 67
442 416 67
442 417 48
442 441 48
442 443 48
442 466 67
442 467 48
443 417 67
443 419 67
443 442 48
443 444 48
443 467 67
444 419 48
444 420 67
444 443 48
444 445 48
445 419 67
445 420 48
445 421 67
445 444 48
445 446 48
445 471 67
446 420 67
446 421 48
446 445 48
446 471 48
448 423 48
453 427 67
453 428 48
453 477 67
453 478 48
453 479 67
457 431 67
457 432 48
457 433 67
457 458 48
457 481 67
457 482 48
457 483 67
458 432 67
458 433 48
458 434 67
458 457 48
458 482 67
458 483 48
458 484 67
461 435 67
461 436 48
461 437 67
461 462 48
461 485 67
461 486 48
461 487 67
462 436 67
462 437 48
462 461 48
462 486 67
462 487 48
462 488 67
466 440 67
466 441 48
466 442 67
466 467 48
466 490 67
466 491 48
466 492 67
467 441 67
467 442 48
467 443 67
467 466 48
467 491 67
467 492 48
467 493 67
471 445 67
471 446 48
471 496 48
471 497 67
476 477 48
476 501 48
476 502 67
477 453 67
477 476 48
477 478 48
477 501 67
477 502 48
477 503 67
478 453 48
478 477 48
478 479 48
478 502 67
478 503 48
478 504 67
479 453 67
479 478 48
479 480 48
479 503 67
479 504 48
479 505 67
480 479 48
480 481 48
480 504 67
480 505 48
480 506 67
481 457 67
481 480 48
481 482 48
481 505 67
481 506 48
481 507 67
482 457 48
482 458 67
482 481 48
482 483 48
482 506 67
482 507 48
482 508 67
483 457 67
483 458 48
483 482 48
483 484 48
483 507 67
483 508 48
483 509 67
484 458 67
484 483 48
484 485 48
484 508 67
484 509 48
484 510 67
485 461 67
485 484 48
485 486 48
485 509 67
485 510 48
485 511 67
486 461 48
486 462 67
486 485 48
486 487 48
486 510 67
486 511 48
486 512 67
487 461 67
487 462 48
487 486 48
487 488 48
487 511 67
487 512 48
487 513 67
488 462 67
488 487 48
488 489 48
488 512 67
488 513 48
488 514 67
489 488 48
489 490 48
489 513 67
489 514 48
489 515 67
490 466 67
490 489 48
490 491 48
490 514 67
490 515 48
490 516 67
491 466 48
491 467 67
491 490 48
491 492 48
491 515 67
491 516 48
491 517 67
492 466 67
492 467 48
492 491 48
492 493 48
492 516 67
492 517 48
492 518 67
493 467 67
493 492 48
493 494 48
493 517 67
493 518 48
493 519 67
494 493 48
494 518 67
494 519 48
496 471 48
496 497 48
496 521 48
496 522 67
497 471 67
497 496 48
497 498 48
497 521 67
497 522 48
497 523 67
498 497 48
498 522 67
498 523 48
501 476 48
501 477 67
501 502 48
501 526 48
501 527 67
502 476 67
502 477 48
502 478 67
502 501 48
502 503 48
502 526 67
502 527 48
502 528 67
503 477 67
503 478 48
503 479 67
503 502 48
503 504 48
503 527 67
503 528 48
504 478 67
504 479 48
504 480 67
504 503 48
504 505 48
504 528 67
505 479 67
505 480 48
505 481 67
505 504 48
505 506 48
505 531 67
506 480 67
506 481 48
506 482 67
506 505 48
506 507 48
506 531 48
506 532 67
507 481 67
507 482 48
507 483 67
507 506 48
507 508 48
507 531 67
507 532 48
507 533 67
508 482 67
508 483 48
508 484 67
508 507 48
508 509 48
508 532 67
508 533 48
508 534 67
509 483 67
509 484 48
509 485 67
509 508 48
509 510 48
509 533 67
509 534 48
509 535 67
510 484 67
510 485 48
510 486 67
510 509 48
510 511 48
510 534 67
510 535 48
510 536 67
511 485 67
511 486 48
511 487 67
511 510 48
511 512 48
511 535 67
511 536 48
511 537 67
512 486 67
512 487 48
512 488 67
512 511 48
512 513 48
512 536 67
512 537 48
513 487 67
513 488 48
513 489 67
513 512 48
513 514 48
513 537 67
513 539 67
514 488 67
514 489 48
514 490 67
514 513 48
514 515 48
514 539 48
514 540 67
515 489 67
515 490 48
515 491 67
515 514 48
515 516 48
515 539 67
515 540 48
515 541 67
516 490 67
516 491 48
516 492 67
516 515 48
516 517 48
516 540 67
516 541 48
516 542 67
517 491 67
517 492 48
517 493 67
517 516 48
517 518 48
517 541 67
517 542 48
517 543 67
518 492 67
518 493 48
518 494 67
518 517 48
518 519 48
518 542 67
518 543 48
518 544 67
519 493 67
519 494 48
519 518 48
519 543 67
519 544 48
519 545 67
521 496 48
521 497 67
521 522 48
521 545 67
521 546 48
521 547 67
522 496 67
522 497 48
522 498 67
522 521 48
522 523 48
522 546 67
522 547 48
522 548 67
523 497 67
523 498 48
523 522 48
523 547 67
523 548 48
526 501 48
526 502 67
526 527 48
526 551 48
526 552 67
527 501 67
527 502 48
527 503 67
527 526 48
527 528 48
527 551 67
527 552 48
527 553 67
528 502 67
528 503 48
528 504 67
528 527 48
528 552 67
528 553 48
531 505 67
531 506 48
531 507 67
531 532 48
531 556 48
531 557 67
532 506 67
532 507 48
532 508 67
532 531 48
532 533 48
532 556 67
532 557 48
532 558 67
533 507 67
533 508 48
533 509 67
533 532 48
533 534 48
533 557 67
533 558 48
533 559 67
534 508 67
534 509 48
534 510 67
534 533 48
534 535 48
534 558 67
534 559 48
534 560 67
535 509 67
535 510 48
535 511 67
535 534 48
535 536 48
535 559 67
535 560 48
535 561 67
536 510 67
536 511 48
536 512 67
536 535 48
536 537 48
536 560 67
536 561 48
536 562 67
537 511 67
537 512 48
537 513 67
537 536 48
537 561 67
537 562 48
539 513 67
539 514 48
539 515 67
539 540 48
539 564 48
539 565 67
540 514 67
540 515 48
540 516 67
540 539 48
540 541 48
540 564 67
540 565 48
540 566 67
541 515 67
541 516 48
541 517 67
541 540 48
541 542 48
541 565 67
541 566 48
541 567 67
542 516 67
542 517 48
542 518 67
542 541 48
542 543 48
542 566 67
542 567 48
542 568 67
543 517 67
543 518 48
543 519 67
543 542 48
543 544 48
543 567 67
543 568 48
543 569 67
544 518 67
544 519 48
544 543 48
544 545 48
544 568 67
544 569 48
544 570 67
545 519 67
545 521 67
545 544 48
545 546 48
545 569 67
545 570 48
545 571 67
546 521 48
546 522 67
546 545 48
546 547 48
546 570 67
546 571 48
546 572 67
547 521 67
547 522 48
547 523 67
547 546 48
547 548 48
547 571 67
547 572 48
547 573 67
548 522 67
548 523 48
548 547 48
548 572 67
548 573 48
551 526 48
551 527 67
551 552 48
551 576 48
551 577 67
552 526 67
552 527 48
552 528 67
552 551 48
552 553 48
552 576 67
552 577 48
552 578 67
553 527 67
553 528 48
553 552 48
553 577 67
553 578 48
556 531 48
556 532 67
556 557 48
556 581 48
556 582 67
557 531 67
557 532 48
557 533 67
557 556 48
557 558 48
557 581 67
557 582 48
557 583 67
558 532 67
558 533 48
558 534 67
558 557 48
558 559 48
558 582 67
558 583 48
558 584 67
559 533 67
559 534 48
559 535 67
559 558 48
559 560 48
559 583 67
559 584 48
559 585 67
560 534 67
560 535 48
560 536 67
560 559 48
560 561 48
560 584 67
560 585 48
560 586 67
561 535 67
561 536 48
561 537 67
561 560 48
561 562 48
561 585 67
561 586 48
561 587 67
562 536 67
562 537 48
562 561 48
562 586 67
562 587 48
564 539 48
564 540 67
564 565 48
564 589 48
564 590 67
565 539 67
565 540 48
565 541 67
565 564 48
565 566 48
565 589 67
565 590 48
565 591 67
566 540 67
566 541 48
566 542 67
566 565 48
566 567 48
566 590 67
566 591 48
566 592 67
567 541 67
567 542 48
567 543 67
567 566 48
567 568 48
567 591 67
567 592 48
567 593 67
568 542 67
568 543 48
568 544 67
568 567 48
568 569 48
568 592 67
568 593 48
568 594 67
569 543 67
569 544 48
569 545 67
569 568 48
569 570 48
569 593 67
569 594 48
569 595 67
570 544 67
570 545 48
570 546 67
570 569 48
570 571 48
570 594 67
570 595 48
570 596 67
571 545 67
571 546 48
571 547 67
571 570 48
571 572 48
571 595 67
571 596 48
571 597 67
572 546 67
572 547 48
572 548 67
572 571 48
572 573 48
572 596 67
572 597 48
572 598 67
573 547 67
573 548 48
573 572 48
573 597 67
573 598 48
576 551 48
576 552 67
576 577 48
576 601 48
576 602 67
577 551 67
577 552 48
577 553 67
577 576 48
577 578 48
577 601 67
577 602 48
577 603 67
578 552 67
578 553 48
578 577 48
578 602 67
578 603 48
578 604 67
581 556 48
581 557 67
581 582 48
581 605 67
581 606 48
581 607 67
582 556 67
582 557 48
582 558 67
582 581 48
582 583 48
582 606 67
582 607 48
582 608 67
583 557 67
583 558 48
583 559 67
583 582 48
583 584 48
583 607 67
583 608 48
583 609 67
584 558 67
584 559 48
584 560 67
584 583 48
584 585 48
584 608 67
584 609 48
584 610 67
585 559 67
585 560 48
585 561 67
585 584 48
585 586 48
585 609 67
585 610 48
585 611 67
586 560 67
586 561 48
586 562 67
586 585 48
586 587 48
586 610 67
586 611 48
586 612 67
587 561 67
587 562 48
587 586 48
587 611 67
587 612 48
587 613 67
589 564 48
589 565 67
589 590 48
589 613 67
589 614 48
589 615 67
590 564 67
590 565 48
590 566 67
590 589 48
590 591 48
590 614 67
590 615 48
590 616 67
591 565 67
591 566 48
591 567 67
591 590 48
591 592 48
591 615 67
591 616 48
591 617 67
592 566 67
592 567 48
592 568 67
592 591 48
592 593 48
592 616 67
592 617 48
592 618 67
593 567 67
593 568 48
593 569 67
593 592 48
593 594 48
593 617 67
593 618 48
593 619 67
594 568 67
594 569 48
594 570 67
594 593 48
594 595 48
594 618 67
594 619 48
595 569 67
595 570 48
595 571 67
595 594 48
595 596 48
595 619 67
595 621 67
596 570 67
596 571 48
596 572 67
596 595 48
596 597 48
596 621 48
596 622 67
597 571 67
597 572 48
597 573 67
597 596 48
597 598 48
597 621 67
597 622 48
597 623 67
598 572 67
598 573 48
598 597 48
598 622 67
598 623 48
601 576 48
601 577 67
601 602 48
601 626 48
601 627 67
602 576 67
602 577 48
602 578 67
602 601 48
602 603 48
602 626 67
602 627 48
602 628 67
603 577 67
603 578 48
603 602 48
603 604 48
603 627 67
603 628 48
603 629 67
604 578 67
604 603 48
604 605 48
604 628 67
604 629 48
604 630 67
605 581 67
605 604 48
605 606 48
605 629 67
605 630 48
605 631 67
606 581 48
606 582 67
606 605 48
606 607 48
606 630 67
606 631 48
606 632 67
607 581 67
607 582 48
607 583 67
607 606 48
607 608 48
607 631 67
607 632 48
607 633 67
608 582 67
608 583 48
608 584 67
608 607 48
608 609 48
608 632 67
608 633 48
608 634 67
609 583 67
609 584 48
609 585 67
609 608 48
609 610 48
609 633 67
609 634 48
609 635 67
610 584 67
610 585 48
610 586 67
610 609 48
610 611 48
610 634 67
610 635 48
610 636 67
611 585 67
611 586 48
611 587 67
611 610 48
611 612 48
611 635 67
611 636 48
611 637 67
612 586 67
612 587 48
612 611 48
612 613 48
612 636 67
612 637 48
612 638 67
613 587 67
613 589 67
613 612 48
613 614 48
613 637 67
613 638 48
613 639 67
614 589 48
614 590 67
614 613 48
614 615 48
614 638 67
614 639 48
614 640 67
615 589 67
615 590 48
615 591 67
615 614 48
615 616 48
615 639 67
615 640 48
615 641 67
616 590 67
616 591 48
616 592 67
616 615 48
616 617 48
616 640 67
616 641 48
616 642 67
617 591 67
617 592 48
617 593 67
617 616 48
617 618 48
617 641 67
617 642 48
617 643 67
618 592 67
618 593 48
618 594 67
618 617 48
618 619 48
618 642 67
618 643 48
618 644 67
619 593 67
619 594 48
619 595 67
619 618 48
619 643 67
619 644 48
621 595 67
621 596 48
621 597 67
621 622 48
621 646 48
621 647 67
622 596 67
622 597 48
622 598 67
622 621 48
622 623 48
622 646 67
622 647 48
622 648 67
623 597 67
623 598 48
623 622 48
623 647 67
623 648 48
626 601 48
626 602 67
626 627 48
627 601 67
627 602 48
627 603 67
627 626 48
627 628 48
627 653 67
628 602 67
628 603 48
628 604 67
628 627 48
628 629 48
628 653 48
629 603 67
629 604 48
629 605 67
629 628 48
629 630 48
629 653 67
630 604 67
630 605 48
630 606 67
630 629 48
630 631 48
631 605 67
631 606 48
631 607 67
631 630 48
631 632 48
631 657 67
632 606 67
632 607 48
632 608 67
632 631 48
632 633 48
632 657 48
632 658 67
633 607 67
633 608 48
633 609 67
633 632 48
633 634 48
633 657 67
633 658 48
634 608 67
634 609 48
634 610 67
634 633 48
634 635 48
634 658 67
635 609 67
635 610 48
635 611 67
635 634 48
635 636 48
635 661 67
636 610 67
636 611 48
636 612 67
636 635 48
636 637 48
636 661 48
636 662 67
637 611 67
637 612 48
637 613 67
637 636 48
637 638 48
637 661 67
637 662 48
638 612 67
638 613 48
638 614 67
638 637 48
638 639 48
638 662 67
639 613 67
639 614 48
639 615 67
639 638 48
639 640 48
640 614 67
640 615 48
640 616 67
640 639 48
640 641 48
640 666 67
641 615 67
641 616 48
641 617 67
641 640 48
641 642 48
641 666 48
641 667 67
642 616 67
642 617 48
642 618 67
642 641 48
642 643 48
642 666 67
642 667 48
643 617 67
643 618 48
643 619 67
643 642 48
643 644 48
643 667 67
644 618 67
644 619 48
644 643 48
646 621 48
646 622 67
646 647 48
646 671 48
647 621 67
647 622 48
647 623 67
647 646 48
647 648 48
647 671 67
648 622 67
648 623 48
648 647 48
653 627 67
653 628 48
653 629 67
653 677 67
653 678 48
657 631 67
657 632 48
657 633 67
657 658 48
657 681 67
657 682 48
657 683 67
658 632 67
658 633 48
658 634 67
658 657 48
658 682 67
658 683 48
658 684 67
661 635 67
661 636 48
661 637 67
661 662 48
661 685 67
661 686 48
661 687 67
662 636 67
662 637 48
662 638 67
662 661 48
662 686 67
662 687 48
666 640 67
666 641 48
666 642 67
666 667 48
666 690 67
666 691 48
666 692 67
667 641 67
667 642 48
667 643 67
667 666 48
667 691 67
667 692 48
667 693 67
671 646 48
671 647 67
671 696 48
671 697 67
676 677 48
676 701 48
676 702 67
677 653 67
677 676 48
677 678 48
677 701 67
677 702 48
677 703 67
678 653 48
678 677 48
678 702 67
678 703 48
680 681 48
680 705 48
680 706 67
681 657 67
681 680 48
681 682 48
681 705 67
681 706 48
681 707 67
682 657 48
682 658 67
682 681 48
682 683 48
682 706 67
682 707 48
682 708 67
683 657 67
683 658 48
683 682 48
683 684 48
683 707 67
683 708 48
683 709 67
684 658 67
684 683 48
684 685 48
684 708 67
684 709 48
684 710 67
685 661 67
685 684 48
685 686 48
685 709 67
685 710 48
685 711 67
686 661 48
686 662 67
686 685 48
686 687 48
686 710 67
686 711 48
686 712 67
687 661 67
687 662 48
687 686 48
687 711 67
687 712 48
689 690 48
689 714 48
689 715 67
690 666 67
690 689 48
690 691 48
690 714 67
690 715 48
690 716 67
691 666 48
691 667 67
691 690 48
691 692 48
691 715 67
691 716 48
691 717 67
692 666 67
692 667 48
692 691 48
692 693 48
692 716 67
692 717 48
692 718 67
693 667 67
693 692 48
693 694 48
693 717 67
693 718 48
693 719 67
694 693 48
694 718 67
694 719 48
696 671 48
696 697 48
696 721 48
696 722 67
697 671 67
697 696 48
697 698 48
697 721 67
697 722 48
697 723 67
698 697 48
698 722 67
698 723 48
701 676 48
701 677 67
701 702 48
702 676 67
702 677 48
702 678 67
702 701 48
702 703 48
703 677 67
703 678 48
703 702 48
705 680 48
705 681 67
705 706 48
706 680 67
706 681 48
706 682 67
706 705 48
706 707 48
707 681 67
707 682 48
707 683 67
707 706 48
707 708 48
708 682 67
708 683 48
708 684 67
708 707 48
708 709 48
709 683 67
709 684 48
709 685 67
709 708 48
709 710 48
710 684 67
710 685 48
710 686 67
710 709 48
710 711 48
711 685 67
711 686 48
711 687 67
711 710 48
711 712 48
712 686 67
712 687 48
712 711 48
714 689 48
714 690 67
714 715 48
715 689 67
715 690 48
715 691 67
715 714 48
715 716 48
716 690 67
716 691 48
716 692 67
716 715 48
716 717 48
717 691 67
717 692 48
717 693 67
717 716 48
717 718 48
718 692 67
718 693 48
718 694 67
718 717 48
718 719 48
719 693 67
719 694 48
719 718 48
721 696 48
721 697 67
721 722 48
722 696 67
722 697 48
722 698 67
722 721 48
722 723 48
723 697 67
723 698 48
723 722 48
