0 24 24
1 24 72
2 24 120
3 24 168
4 24 216
5 24 264
6 24 312
7 24 360
8 24 408
9 24 456
10 24 504
11 24 552
12 24 600
13 24 648
14 24 696
15 24 744
16 24 792
17 24 840
18 24 888
19 24 936
20 24 984
21 24 1032
22 24 1080
23 24 1128
24 24 1176
25 72 24
26 72 72
27 72 120
28 72 168
29 72 216
30 72 264
31 72 312
32 72 360
33 72 408
34 72 456
35 72 504
36 72 552
37 72 600
38 72 648
39 72 696
40 72 744
41 72 792
42 72 840
43 72 888
44 72 936
45 72 984
46 72 1032
47 72 1080
48 72 1128
49 72 1176
50 120 24
51 120 72
52 120 120
53 120 168
54 120 216
55 120 264
56 120 312
57 120 360
58 120 408
59 120 456
60 120 504
61 120 552
62 120 600
63 120 648
64 120 696
65 120 744
66 120 792
67 120 840
68 120 888
69 120 936
70 120 984
71 120 1032
72 120 1080
73 120 1128
74 120 1176
75 168 24
76 168 72
77 168 120
78 168 168
79 168 216
80 168 264
81 168 312
82 168 360
83 168 408
84 168 456
85 168 504
86 168 552
87 168 600
88 168 648
89 168 696
90 168 744
91 168 792
92 168 840
93 168 888
94 168 936
95 168 984
96 168 1032
97 168 1080
98 168 1128
99 168 1176
100 216 24
101 216 72
102 216 120
103 216 168
104 216 216
105 216 264
106 216 312
107 216 360
108 216 408
109 216 456
110 216 504
111 216 552
112 216 600
113 216 648
114 216 696
115 216 744
116 216 792
117 216 840
118 216 888
119 216 936
120 216 984
121 216 1032
122 216 1080
123 216 1128
124 216 1176
125 264 24
126 264 72
127 264 120
128 264 168
129 264 216
130 264 264
131 264 312
132 264 360
133 264 408
134 264 456
135 264 504
136 264 552
137 264 600
138 264 648
139 264 696
140 264 744
141 264 792
142 264 840
143 264 888
144 264 936
145 264 984
146 264 1032
147 264 1080
148 264 1128
149 264 1176
150 312 24
151 312 72
152 312 120
153 312 168
154 312 216
155 312 264
156 312 312
157 312 360
158 312 408
159 312 456
160 312 504
161 312 552
162 312 600
163 312 648
164 312 696
165 312 744
166 312 792
167 312 840
168 312 888
169 312 936
170 312 984
171 312 1032
172 312 1080
173 312 1128
174 312 1176
175 360 24
176 360 72
177 360 120
178 360 168
179 360 216
180 360 264
181 360 312
182 360 360
183 360 408
184 360 456
185 360 504
186 360 552
187 360 600
188 360 648
189 360 696
190 360 744
191 360 792
192 360 840
193 360 888
194 360 936
195 360 984
196 360 1032
197 360 1080
198 360 1128
199 360 1176
200 408 24
201 408 72
202 408 120
203 408 168
204 408 216
205 408 264
206 408 312
207 408 360
208 408 408
209 408 456
210 408 504
211 408 552
212 408 600
213 408 648
214 408 696
215 408 744
216 408 792
217 408 840
218 408 888
219 408 936
220 408 984
221 408 1032
222 408 1080
223 408 1128
224 408 1176
225 456 24
226 456 72
227 456 120
228 456 168
229 456 216
230 456 264
231 456 312
232 456 360
233 456 408
234 456 456
235 456 504
236 456 552
237 456 600
238 456 648
239 456 696
240 456 744
241 456 792
242 456 840
243 456 888
244 456 936
245 456 984
246 456 1032
247 456 1080
248 456 1128
249 456 1176
250 504 24
251 504 72
252 504 120
253 504 168
254 504 216
255 504 264
256 504 312
257 504 360
258 504 408
259 504 456
260 504 504
261 504 552
262 504 600
263 504 648
264 504 696
265 504 744
266 504 792
267 504 840
268 504 888
269 504 936
270 504 984
271 504 1032
272 504 1080
273 504 1128
274 504 1176
275 552 24
276 552 72
277 552 120
278 552 168
279 552 216
280 552 264
281 552 312
282 552 360
283 552 408
284 552 456
285 552 504
286 552 552
287 552 600
288 552 648
289 552 696
290 552 744
291 552 792
292 552 840
293 552 888
294 552 936
295 552 984
296 552 1032
297 552 1080
298 552 1128
299 552 1176
300 600 24
301 600 72
302 600 120
303 600 168
304 600 216
305 600 264
306 600 312
307 600 360
308 600 408
309 600 456
310 600 504
311 600 552
312 600 600
313 600 648
314 600 696
315 600 744
316 600 792
317 600 840
318 600 888
319 600 936
320 600 984
321 600 1032
322 600 1080
323 600 1128
324 600 1176
325 648 24
326 648 72
327 648 120
328 648 168
329 648 216
330 648 264
331 648 312
332 648 360
333 648 408
334 648 456
335 648 504
336 648 552
337 648 600
338 648 648
339 648 696
340 648 744
341 648 792
342 648 840
343 648 888
344 648 936
345 648 984
346 648 1032
347 648 1080
348 648 1128
349 648 1176
350 696 24
351 696 72
352 696 120
353 696 168
354 696 216
355 696 264
356 696 312
357 696 360
358 696 408
359 696 456
360 696 504
361 696 552
362 696 600
363 696 648
364 696 696
365 696 744
366 696 792
367 696 840
368 696 888
369 696 936
370 696 984
371 696 1032
372 696 1080
373 696 1128
374 696 1176
375 744 24
376 744 72
377 744 120
378 744 168
379 744 216
380 744 264
381 744 312
382 744 360
383 744 408
384 744 456
385 744 504
386 744 552
387 744 600
388 744 648
389 744 696
390 744 744
391 744 792
392 744 840
393 744 888
394 744 936
395 744 984
396 744 1032
397 744 1080
398 744 1128
399 744 1176
400 792 24
401 792 72
402 792 120
403 792 168
404 792 216
405 792 264
406 792 312
407 792 360
408 792 408
409 792 456
410 792 504
411 792 552
412 792 600
413 792 648
414 792 696
415 792 744
416 792 792
417 792 840
418 792 888
419 792 936
420 792 984
421 792 1032
422 792 1080
423 792 1128
424 792 1176
425 840 24
426 840 72
427 840 120
428 840 168
429 840 216
430 840 264
431 840 312
432 840 360
433 840 408
434 840 456
435 840 504
436 840 552
437 840 600
438 840 648
439 840 696
440 840 744
441 840 792
442 840 840
443 840 888
444 840 936
445 840 984
446 840 1032
447 840 1080
448 840 1128
449 840 1176
450 888 24
451 888 72
452 888 120
453 888 168
454 888 216
455 888 264
456 888 312
457 888 360
458 888 408
459 888 456
460 888 504
461 888 552
462 888 600
463 888 648
464 888 696
465 888 744
466 888 792
467 888 840
468 888 888
469 888 936
470 888 984
471 888 1032
472 888 1080
473 888 1128
474 888 1176
475 936 24
476 936 72
477 936 120
478 936 168
479 936 216
480 936 264
481 936 312
482 936 360
483 936 408
484 936 456
485 936 504
486 936 552
487 936 600
488 936 648
489 936 696
490 936 744
491 936 792
492 936 840
493 936 888
494 936 936
495 936 984
496 936 1032
497 936 1080
498 936 1128
499 936 1176
500 984 24
501 984 72
502 984 120
503 984 168
504 984 216
505 984 264
506 984 312
507 984 360
508 984 408
509 984 456
510 984 504
511 984 552
512 984 600
513 984 648
514 984 696
515 984 744
516 984 792
517 984 840
518 984 888
519 984 936
520 984 984
521 984 1032
522 984 1080
523 984 1128
524 984 1176
525 1032 24
526 1032 72
527 1032 120
528 1032 168
529 1032 216
530 1032 264
531 1032 312
532 1032 360
533 1032 408
534 1032 456
535 1032 504
536 1032 552
537 1032 600
538 1032 648
539 1032 696
540 1032 744
541 1032 792
542 1032 840
543 1032 888
544 1032 936
545 1032 984
546 1032 1032
547 1032 1080
548 1032 1128
549 1032 1176
550 1080 24
551 1080 72
552 1080 120
553 1080 168
554 1080 216
555 1080 264
556 1080 312
557 1080 360
558 1080 408
559 1080 456
560 1080 504
561 1080 552
562 1080 600
563 1080 648
564 1080 696
565 1080 744
566 1080 792
567 1080 840
568 1080 888
569 1080 936
570 1080 984
571 1080 1032
572 1080 1080
573 1080 1128
574 1080 1176
575 1128 24
576 1128 72
577 1128 120
578 1128 168
579 1128 216
580 1128 264
581 1128 312
582 1128 360
583 1128 408
584 1128 456
585 1128 504
586 1128 552
587 1128 600
588 1128 648
589 1128 696
590 1128 744
591 1128 792
592 1128 840
593 1128 888
594 1128 936
595 1128 984
596 1128 1032
597 1128 1080
598 1128 1128
599 1128 1176
600 1176 24
601 1176 72
602 1176 120
603 1176 168
604 1176 216
605 1176 264
606 1176 312
607 1176 360
608 1176 408
609 1176 456
610 1176 504
611 1176 552
612 1176 600
613 1176 648
614 1176 696
615 1176 744
616 1176 792
617 1176 840
618 1176 888
619 1176 936
620 1176 984
621 1176 1032
622 1176 1080
623 1176 1128
624 1176 1176
625 1224 24
626 1224 72
627 1224 120
628 1224 168
629 1224 216
630 1224 264
631 1224 312
632 1224 360
633 1224 408
634 1224 456
635 1224 504
636 1224 552
637 1224 600
638 1224 648
639 1224 696
640 1224 744
641 1224 792
642 1224 840
643 1224 888
644 1224 936
645 1224 984
646 1224 1032
647 1224 1080
648 1224 1128
649 1224 1176
650 1272 24
651 1272 72
652 1272 120
653 1272 168
654 1272 216
655 1272 264
656 1272 312
657 1272 360
658 1272 408
659 1272 456
660 1272 504
661 1272 552
662 1272 600
663 1272 648
664 1272 696
665 1272 744
666 1272 792
667 1272 840
668 1272 888
669 1272 936
670 1272 984
671 1272 1032
672 1272 1080
673 1272 1128
674 1272 1176
675 1320 24
676 1320 72
677 1320 120
678 1320 168
679 1320 216
680 1320 264
681 1320 312
682 1320 360
683 1320 408
684 1320 456
685 1320 504
686 1320 552
687 1320 600
688 1320 648
689 1320 696
690 1320 744
691 1320 792
692 1320 840
693 1320 888
694 1320 936
695 1320 984
696 1320 1032
697 1320 1080
698 1320 1128
699 1320 1176
700 1368 24
701 1368 72
702 1368 120
703 1368 168
704 1368 216
705 1368 264
706 1368 312
707 1368 360
708 1368 408
709 1368 456
710 1368 504
711 1368 552
712 1368 600
713 1368 648
714 1368 696
715 1368 744
716 1368 792
717 1368 840
718 1368 888
719 1368 936
720 1368 984
721 1368 1032
722 1368 1080
723 1368 1128
724 1368 1176
725 1416 24
726 1416 72
727 1416 120
728 1416 168
729 1416 216
730 1416 264
731 1416 312
732 1416 360
733 1416 408
734 1416 456
735 1416 504
736 1416 552
737 1416 600
738 1416 648
739 1416 696
740 1416 744
741 1416 792
742 1416 840
743 1416 888
744 1416 936
745 1416 984
746 1416 1032
747 1416 1080
748 1416 1128
749 1416 1176
